t	d	v	
175	750.0	1.405774374996677	
175	795.7502208150377	8.21046986943224	
175	817.7992994406723	8.97676341494358	
175	872.6332049925599	9.433942514929994	
175	930.3407713413193	9.07866900982798	
175	983.0208948200657	9.368274300784858	
175	1068.0430754498186	9.544559950825295	
175	1126.876903620631	9.562751283740019	
175	1156.5277598366542	9.5527072293341	
175	1276.4940882485625	9.913157578370381	
175	853.4526758521864	10.65917688078852	
175	132.30054753129295	10.809629647021406	
175	68.68158713866472	8.030183026134313	
175	46.97575579809259	0.0	
175	32.64451182496805	1.2174086308966128	
175	20.837047339104146	2.417045976476378	
175	11.052782588123534	0.0	
175	730.9537477109905	11.140521380172325	
175	670.1127929058736	10.984505622054362	
175	609.9710650652813	10.563632753660068	
175	570.4647561146362	10.957405843220442	
175	520.740791582747	11.435853961071846	
175	354.18820562457415	11.0863042741147	
175	287.7559849612143	10.8024600039652	
175	239.31239780580685	10.859709579907218	
175	189.968869372805	11.058876083974972	
176	864.1309881446741	10.678312292487657	
176	719.837917112006	11.11583059898445	
176	659.1382414303483	10.974551475525235	
176	599.391868547602	10.579196517679314	
176	559.4987808851619	10.96597522947434	
176	509.3052669377546	11.435524644992388	
176	343.10466450252164	11.083541122052535	
176	276.95093570071805	10.805049260496286	
176	228.44578956696643	10.866608238840424	
176	750.0	2.37194459182325	
176	804.1870197185432	8.43679890350549	
176	826.8914686387924	9.092169198120178	
176	882.0564233367859	9.423218344225978	
176	939.442939778691	9.10216843737167	
176	992.3976643238416	9.376769503775897	
176	1077.5889660741873	9.545890624368774	
176	1136.441579071079	9.564675450447893	
176	1166.0870025230513	9.559242686397118	
176	1286.4998930706568	10.005804822094078	
176	165.01667508791348	10.918694642563763	
176	121.6088411485747	10.691706382718245	
176	66.69666524662355	1.984921892041184	
176	45.56219913936519	1.4135566587273964	
176	30.301669491896945	2.342842333071098	
176	20.837047339104146	0.0	
176	9.601896892301426	1.4508856958221088	
177	753.3394958297881	3.6105536748210607	
177	812.7967850835377	8.609765364994434	
177	836.062797398146	9.171328759353653	
177	891.4672959540982	9.410872617312352	
177	948.5671732796825	9.124233500991519	
177	1001.7826404765995	9.384976152757787	
177	1087.1362290822583	9.547263008070981	
177	1146.008531648902	9.566952577822907	
177	1175.6529783513452	9.565975828293995	
177	1296.768341140999	10.268448070342238	
177	154.19001540429252	10.82665968362093	
177	112.0898540673675	9.518987081207193	
177	63.445570835666416	3.2510944109571254	
177	42.864801996034316	2.6973971433308703	
177	30.301669491896945	0.0	
177	19.555971108244336	1.2810762308598216	
177	6.766809124527526	2.835087767773892	
177	874.8273102478065	10.696322103132374	
177	708.741348324984	11.09656878702205	
177	648.1716683359499	10.966573094398466	
177	588.7974643505828	10.594404197019179	
177	548.5245540065808	10.974226878580968	
177	497.87008062007095	11.435186317683625	
177	332.02383987289755	11.080824629624084	
177	266.143111579911	10.807824120807046	
177	217.51157645578564	10.934213111180773	
178	885.540505920871	10.713195673064549	
178	758.1261573030706	4.7866614732824	
178	821.5382139262779	8.741428842740206	
178	845.2880444950306	9.225247096884623	
178	900.8655498560886	9.398253901990412	
178	957.7121700209684	9.144996741285908	
178	1011.1755404742892	9.392899997689685	
178	1096.684921939575	9.548692857316553	
178	1155.5781317942246	9.56960014532284	
178	1185.226013007268	9.573034655922735	
178	1307.2527472516895	10.484406110690333	
178	697.6598907350965	11.081457589887467	
178	637.211555809779	10.9601125261709	
178	578.1882749983523	10.609189352230485	
178	537.542381823304	10.982172183276791	
178	486.4352403857791	11.434840234291876	
178	320.94567883862464	11.07816103427292	
178	255.32716550367206	10.815946076238982	
178	206.54946464110859	10.96211181467705	
178	143.60218545490252	10.587829949390017	
178	103.09232721543995	8.997526851927548	
178	59.165187179038185	4.280383656628235	
178	40.694856143310375	2.1699458527239317	
178	29.0680797753877	1.233589716509235	
178	17.0453174657911	2.5106536424532475	
178	2.670415836751147	4.09639328777638	
179	133.27600323202256	10.326182222879966	
179	94.34837509404227	8.743952121397685	
179	54.5986807269515	4.566506452086694	
179	38.28421246845713	2.4106436748532576	
179	26.68187842333947	2.3862013520482313	
179	13.391230452345496	3.6540870134456096	
179	750.9096007204494	10.656853468759998	
179	896.3337442788022	10.793238357931267	
179	750.0	0.0	
179	763.9371452523305	5.810987949259978	
179	830.3802163195902	8.842002393312372	
179	854.549889177177	9.261844682146338	
179	910.2517037203279	9.386153864239295	
179	966.8767417709531	9.164571749984711	
179	1020.576088175329	9.400547701039844	
179	1106.2351177002242	9.550195760649414	
179	1165.1507847161984	9.572652921973601	
179	1194.8066614871364	9.580648479868248	
179	686.5903682377445	11.06952249735195	
179	626.2567333580639	10.9548224517151	
179	567.5647581897683	10.623516808583952	
179	526.5525581668238	10.98982365648019	
179	475.0007529452465	11.434487440532546	
179	309.8698642067846	11.07581463184004	
179	244.50239756849803	10.824767935174032	
179	195.56255328699928	10.986911354109308	
180	761.6929222966055	10.783321576156123	
180	907.1868652340552	10.853120955252827	
180	750.694528148714	1.420044461018788	
180	770.5868773598714	6.649732107540897	
180	839.2997778016929	8.919561482102676	
180	863.836542460888	9.286653283711003	
180	919.626717889106	9.375014168778081	
180	976.0597989667	9.18305719574684	
180	1029.9840150682035	9.407926892874597	
180	1115.786905927796	9.551788227571521	
180	1174.7269670030594	9.576182286861016	
180	1204.3957718278903	9.58911034075393	
180	675.5303487019966	11.06001953574801	
180	615.3062935357387	10.950439822325212	
180	556.927386197561	10.63737199220736	
180	515.5553638654446	10.997194301379151	
180	463.5666222199087	11.43413072533781	
180	298.79609618297036	11.073768023814225	
180	233.6684894921927	10.833908076305349	
180	184.591400096548	10.971153190451288	
180	123.18319199548385	10.092811236538713	
180	85.8463021029004	8.50207299114187	
180	50.343359429463334	4.255321297488177	
180	35.456175897506284	2.828036570950836	
180	23.245315813343836	3.4365626099956392	
180	9.061978105166418	4.329252347179082	
181	772.5756256552727	10.882703358667252	
181	918.084691033928	10.897825799872912	
181	170.6231214639563	10.968278632591707	
181	113.30989043978131	9.87330155570254	
181	77.74379715364552	8.10250494925487	
181	46.27531113481618	4.0680482946471574	
181	32.00087819693542	3.4552977005708776	
181	18.975324500778186	4.269991312565659	
181	5.430470231168584	3.6315078739978195	
181	664.4779685121283	11.052380189868295	
181	604.3595278704588	10.946765665279912	
181	546.2766324453949	10.650753752166068	
181	504.55106654954386	11.004297315900772	
181	452.13284996544877	11.43377225445992	
181	287.724105315386	11.071990867584367	
181	222.82848990185	10.839999590342703	
181	753.5183966294527	2.8238684807387484	
181	777.8868868376094	7.3000094777379285	
181	848.279981792992	8.980203991299096	
181	873.1400052862956	9.303462825407625	
181	928.9917773962585	9.365059507152525	
181	985.2603387191268	9.200539752426783	
181	1039.3990612162327	9.415046148029083	
181	1125.3403947873358	9.553488859540085	
181	1184.3072663669386	9.580299363879218	
181	1213.994854990867	9.599083162976832	
182	783.5362045783231	10.960578923050441	
182	757.6419618289767	4.123565199524046	
182	785.663550981659	7.776664144049585	
182	857.3083821265413	9.028400333549378	
182	882.4548469243782	9.314841638082557	
182	938.3481591882728	9.356381792014275	
182	994.4774349963997	9.21709627727289	
182	1048.8209761520284	9.421914935795645	
182	1134.8957154005875	9.555320613251656	
182	1193.8924973008045	9.585230933865834	
182	1223.6060707728107	9.611215781943786	
182	159.72190320814832	10.901218255807963	
182	103.69409690953964	9.615793530241678	
182	70.12811253025441	7.6156846233910915	
182	42.08431734210899	4.190993792707178	
182	27.893707715581314	4.107170481354091	
182	14.928299565658705	4.047024935119489	
182	0.7838547560212703	4.646615475147326	
182	653.4317987245428	11.046169787585553	
182	593.415878230744	10.943649639714723	
182	535.6129629069471	10.663669538447738	
182	493.53992080289385	11.01114574665002	
182	440.69943636901155	11.433413596437248	
182	276.65381526071053	11.070290054675455	
182	211.93428139360705	10.894208508242931	
183	148.89750143893463	10.824401769213704	
183	94.40095081817455	9.293146091365083	
183	62.92980136285996	7.198311167394456	
183	37.61550382604585	4.4688135160631335	
183	23.793464275123142	4.1002434404581685	
183	10.30077004587443	4.627529519784286	
183	642.3907428034257	11.041055921117103	
183	582.4748999843486	10.940978246395552	
183	524.9368307589117	10.676132148035448	
183	482.52216854045406	11.017752262439766	
183	429.2663817545946	11.43305461441696	
183	265.5827093988662	11.071105861844307	
183	201.00305566045193	10.931225733155108	
183	750.7836862619245	0.0	
183	762.931082015573	5.28912018659629	
183	793.7731968311845	8.109645849525455	
183	866.3757540220734	9.067371895532052	
183	891.7773694176906	9.322522493312379	
183	947.6971520804948	9.348992892221949	
183	1003.7102304647183	9.232795468318633	
183	1058.249519727826	9.4285435757977	
183	1144.4530288388169	9.557313438229501	
183	1203.483771930286	9.591274629481507	
183	1233.2336884642345	9.627617691423664	
183	794.5576582492722	11.021453670949015	
184	752.1249160937502	1.3412298318258062	
184	769.2426157635067	6.31153374793371	
184	802.1087460071985	8.335549176014164	
184	875.4751761768389	9.099422154765527	
184	901.1050448723994	9.327675454708872	
184	957.0400095260782	9.342857445583467	
184	1012.9579296191463	9.247699154427993	
184	1067.6844629495781	9.434943221752185	
184	1154.0125401673922	9.559511328575239	
184	1213.082895207659	9.599123277372982	
184	1242.8829257414038	9.649237277169394	
184	734.3841861653667	11.351373599833893	
184	631.353958396885	11.036784406540706	
184	571.536234142117	10.938665842231531	
184	514.2486732245075	10.688157534404294	
184	471.4980396013423	11.02412893911173	
184	417.83366814466456	11.432713609930024	
184	254.50963065086597	11.07307874800022	
184	190.0876843865972	10.91537127385474	
184	138.16731658775532	10.730184851179306	
184	85.46866436601626	8.932286452158296	
184	56.033939895088935	6.895861467771023	
184	33.23151842619558	4.3839853998502845	
184	19.27050980484458	4.522954470278566	
184	5.972105527400402	4.3286645184740316	
184	805.627393652809	11.069735403536844	
185	723.0379285600231	11.34625760534352	
185	620.3207974589991	11.033160937885901	
185	560.5995863378218	10.936647804295117	
185	503.54890989208184	10.699763332425627	
185	460.46775120883996	11.030288392502374	
185	406.40127262669114	11.4323955179734	
185	243.4362701494504	11.073360501415584	
185	165.4473987585042	10.744325633960877	
185	127.554321672774	10.612994914981336	
185	76.89443044331261	8.574233922703652	
185	49.54570138159832	6.488238513490603	
185	28.600380327257596	4.631138098937981	
185	14.93410252530856	4.336407279536029	
185	3.2375829168181554	2.7345226105822533	
185	816.7353573065047	11.10796365369573	
185	754.8578588219902	2.732942728240037	
185	776.4152366210822	7.172620857575494	
185	810.5970052071934	8.488259199994772	
185	884.6013740439041	9.126197867065233	
185	910.4361398118276	9.331094939428219	
185	966.3779227225486	9.337913196470438	
185	1022.219792941657	9.261863322510763	
185	1077.1255888531996	9.441125903621517	
185	1163.574517744059	9.561977576666736	
185	1222.6923351348428	9.609439927183688	
185	1252.5661210712974	9.683195329893591	
186	154.81656182062787	10.630836937876325	
186	117.08293924776306	10.471382425010926	
186	68.73460982351065	8.159820619801966	
186	43.29385510129299	6.251846280305317	
186	24.14637062787625	4.454009699381346	
186	13.043893975090555	1.8902085502179995	
186	3.2375829168181554	0.0	
186	827.872937973884	11.137580667379227	
186	711.6959586018909	11.341969958132276	
186	609.2907603967486	11.030037062250436	
186	549.6647109998946	10.934875337927187	
186	492.8379418883729	10.710968003708937	
186	449.4315085772145	11.036242631625418	
186	394.9691897029256	11.432082923765583	
186	232.32853103174693	11.107739117703458	
186	758.8922352408958	4.034376418905553	
186	784.2856003377391	7.870363716656899	
186	819.1908090188205	8.593803811627062	
186	893.7502573229973	9.148883279093114	
186	919.7694653000722	9.333325488244483	
186	975.7120062980215	9.334083575472828	
186	1031.4951318960966	9.275338954439679	
186	1086.5726935086677	9.447104655468147	
186	1173.1393357392033	9.564817995144224	
186	1232.3166500260859	9.624314891243179	
186	1262.2939376516729	9.727816580375393	
187	764.0989784313846	5.206743190488778	
187	792.6965962246343	8.410995886895208	
187	827.8606739196387	8.669864900818276	
187	902.918596786702	9.168339463704719	
187	929.1042105805213	9.334745280449175	
187	985.0432917687182	9.331285470696661	
187	1040.7833046223795	9.288172726282957	
187	1096.0255873259184	9.45289381725061	
187	1182.707518662549	9.568182923345796	
187	1241.961297884121	9.644647858035174	
187	1272.0976268453285	9.803689193655657	
187	144.2799516436679	10.53661017695994	
187	106.78860424109418	10.294335006668891	
187	60.95388465460536	7.7807251689052945	
187	37.45106852833112	5.842786572961859	
187	24.14637062787625	0.0	
187	12.520462680402886	0.5234312946876734	
187	1.757545894851205	1.4800370219669379	
187	839.0333988073717	11.160460833487663	
187	700.3576204320436	11.338338169847248	
187	598.263460951933	11.027299444815634	
187	538.7313994507555	10.933311549139106	
187	482.11615172059044	10.721790167782432	
187	438.38950688735036	11.042001689864144	
187	383.5371563021882	11.432033400737394	
187	221.1974044282339	11.131126603513023	
188	133.83250635043308	10.44744529323484	
188	96.70405464096629	10.084549600127886	
188	53.63618791274868	7.317696741856682	
188	37.45106852833112	0.0	
188	22.835939054993702	1.3104315728825398	
188	10.874938236219208	1.645524444183692	
188	752.2341322670616	4.1047600572829195	
188	770.3369955835991	6.238017152214523	
188	801.505752772033	8.80915654739872	
188	836.5882722926233	8.727598372984644	
188	912.103798882931	9.185202096228842	
188	938.4398317496077	9.335621169086444	
188	994.3727257881039	9.329434019385703	
188	1050.0837122322023	9.300407609822582	
188	1105.4840968734338	9.458509547515288	
188	1192.2798647405243	9.57234607797536	
188	1251.6369049865289	9.675607102407858	
188	1281.971123804002	9.873496958673487	
188	689.0223953970319	11.335225035011746	
188	587.2385993063453	11.024861645587606	
188	527.7994709794336	10.931928471321825	
188	471.3839036857012	10.732248034889208	
188	427.341916234398	11.047590652952337	
188	372.10504074900575	11.432115553182443	
188	210.05165328555356	11.145751142680355	
188	850.2120999403284	11.178701132956771	
189	757.4287260733445	5.194593806282969	
189	777.4610112751413	7.124015691542221	
189	810.5920710388455	9.086318266812361	
189	845.3620458421635	8.773773549540207	
189	921.3037480319705	9.199949149039558	
189	947.7759765550561	9.336144805448386	
189	1003.7011713362252	9.32844554812138	
189	1059.395795645048	9.312083412845848	
189	1114.9480677198128	9.463970846379047	
189	1201.8575136158722	9.577648875347823	
189	1261.3489504497643	9.712045463235226	
189	1291.9087330865914	9.937609282589314	
189	123.4789296843034	10.353576666129685	
189	86.88326800316122	9.820786637805076	
189	53.63618791274868	0.0	
189	36.03190877556355	1.419159752767578	
189	20.50292329916843	2.333015755825265	
189	7.828512662855587	3.04642557336361	
189	861.4245575341165	11.212457593788175	
189	677.6898739351017	11.332521461930272	
189	576.215941489536	11.02265781680933	
189	516.8687661698566	10.930704809576987	
189	460.64154295842883	10.742360727272377	
189	416.28889388104636	11.05302235335165	
189	360.6728003947031	11.432240354302678	
189	198.89857215368252	11.15308113187103	
190	666.3597331820896	11.330140753012024	
190	565.1953036190043	11.02063787053164	
190	505.9391418222348	10.9296243476218	
190	449.8893963992434	10.752146559185405	
190	405.2305909605481	11.058302920498262	
190	349.2404537622842	11.432346632418904	
190	187.76129534444536	11.137276809237177	
190	763.5688881419468	6.140162068602261	
190	785.3190999946372	7.858088719495878	
190	819.8594424960738	9.267371457228414	
190	854.174480638037	8.812434795873513	
190	930.5166954379793	9.212947406008725	
190	957.1124328883961	9.336456333339955	
190	1013.0294106930733	9.32823935684806	
190	1068.719032936101	9.323237291052964	
190	1124.4173687043585	9.469300984545825	
190	1211.4422258630052	9.584712247132986	
190	1271.0998828527536	9.750932402989527	
190	1302.0133858448817	10.104652758290266	
190	113.23573228762534	10.243197396678058	
190	81.08772460510633	5.795543398054884	
190	52.18074480747674	1.4554431052719377	
190	33.3220044339821	2.7099043415814363	
190	17.277218846194614	3.225704452973817	
190	3.499709297931048	4.328803364924543	
190	872.6629297886739	11.238372254557252	
191	883.9211268666802	11.258197078006413	
191	750.0	5.468839170650682	
191	770.508720167503	6.939832025556287	
191	793.7659746692946	8.446874674657387	
191	829.2362594845706	9.376816988496811	
191	863.0204792796626	8.845998641625606	
191	939.741179760638	9.224484322658803	
191	966.4490928579537	9.336659969557541	
191	1022.3581494697441	9.328738776670866	
191	1078.052937216757	9.333904280655993	
191	1133.8918991030464	9.474530398687607	
191	1221.0361194853658	9.593893622360657	
191	1280.9124111625624	9.812528309808808	
191	1312.2865049832585	10.273119138376972	
191	173.6853430958179	11.07595224862746	
191	104.54243439385968	8.693297893765656	
191	75.13581740284454	5.951907202261794	
191	49.36404761936899	2.8166971881077405	
191	29.547107358957845	3.7748970750242568	
191	13.161574500584209	4.115644345610399	
191	729.1820950838559	11.272155244159126	
191	655.0317191398134	11.328014042276164	
191	554.1765398395156	11.018763779488747	
191	495.01046717416483	10.928674648069935	
191	439.1277740078545	10.761622391388942	
191	394.16715594088174	11.063435019666384	
191	337.8081897526633	11.43226400962091	
192	717.9205569384766	11.261538145379335	
192	643.7056324828465	11.326086656966947	
192	543.159533099637	11.017006739878633	
192	484.0826211363483	10.927846037816533	
192	428.3569705009445	10.770803506910001	
192	383.0987435850648	11.068412355816925	
192	326.3759952182092	11.432194534454087	
192	162.7180820133028	10.967261082515114	
192	96.34708142776701	8.195352966092667	
192	69.06407794645767	6.071739456386876	
192	45.34565822453678	4.018389394832203	
192	24.947073255637207	4.600034103320637	
192	8.014168124024906	5.147406376559312	
192	755.3152791540572	6.346149281337611	
192	778.1094364241239	7.600716256620833	
192	802.6679350726222	8.901960403327587	
192	838.6722073352195	9.435947850648864	
192	871.8964043055614	8.875925025898795	
192	948.9759696201186	9.234789859480529	
192	975.7859271706227	9.336834312668978	
192	1031.6880212394954	9.329871769751017	
192	1087.3970551084094	9.344117891652383	
192	1143.371598917148	9.479699814101808	
192	1230.641361034053	9.605241548687168	
192	1290.8005563879271	9.888145225364608	
192	765.7530042044505	10.133810967678366	
192	895.1944249053506	11.273298038670475	
193	762.3859095856819	7.0706304316246245	
193	786.2442634769837	8.134827052859835	
193	811.9072899558362	9.239354883214025	
193	848.1337762329161	9.46156889769669	
193	880.7995179034292	8.903113597867819	
193	958.2200211220934	9.244051501974937	
193	985.1229664064582	9.337039235835533	
193	1041.0195924823688	9.331571242873492	
193	1096.7509659783277	9.353910869918444	
193	1152.8564653824546	9.484866465306501	
193	1240.2611178293375	9.619756795284509	
193	1300.8727207825414	10.072164394614166	
193	151.88195636039688	10.836125652905908	
193	88.44770858943038	7.899372838336632	
193	62.81863222096365	6.245445725494018	
193	40.33134968302616	5.014308541510606	
193	19.634025174215566	5.313048081421641	
193	1.8627332498586213	6.151434874166293	
193	775.7876670770121	10.034662872561585	
193	906.4706813130581	11.276256407707363	
193	706.667094231301	11.253462707175544	
193	632.381317265856	11.324315216990549	
193	532.1441881062572	11.015344993379804	
193	473.15549029689834	10.927130839449964	
193	417.57726747528494	10.779703025659568	
193	372.0255005537243	11.073243031340478	
193	314.94386442092184	11.432130797287384	
194	695.4197526162513	11.247341615049676	
194	621.0586519425359	11.322665323320058	
194	521.130425951067	11.013762155190145	
194	462.2289675428128	10.926522754085534	
194	406.7889338001992	10.78833367508574	
194	360.9475665072588	11.077934046465522	
194	303.5137924598535	11.430071961068355	
194	752.1287349553179	6.991468205176524	
194	770.0421522069119	7.656242621229961	
194	794.8010209098904	8.556757432906753	
194	821.3852856332383	9.47799567740203	
194	857.5997739283681	9.465997695451966	
194	889.7276522378911	8.928134334461859	
194	967.4724457910658	9.252424668972312	
194	994.4602869742905	9.337320567832338	
194	1050.3533676701795	9.33377518781089	
194	1106.1142821334893	9.363316155161348	
194	1162.3465696500818	9.490104267627364	
194	1249.8992959067764	9.638178077438912	
194	1311.067778186695	10.195057404153689	
194	141.184814525011	10.697141835385885	
194	80.72956474276053	7.718143846669851	
194	56.34103541076189	6.477596810201753	
194	34.54031921925008	5.791030463776089	
194	13.645975928763903	5.988049245451654	
194	785.7794640473322	9.991796970320129	
194	917.7573885828967	11.286707269838756	
195	130.6273394528818	10.557475072129197	
195	73.10283418853606	7.626730554224458	
195	49.60679954760775	6.734235863154138	
195	28.15382141191546	6.3864978073346155	
195	6.926879422795906	6.719096505967984	
195	684.177029027925	11.242723588326342	
195	609.7375422260913	11.321109716444667	
195	510.11818002268865	11.012245928378306	
195	451.30295102495074	10.926016517862102	
195	395.99222616248835	10.796707637710835	
195	349.86518570215566	11.082380805103146	
195	292.08562701349314	11.428165446360348	
195	754.4042803195587	10.336502132863627	
195	795.7611931620332	9.981729114700975	
195	759.3417346519176	7.212999696599665	
195	778.1633488429054	8.121196635993645	
195	803.683273080739	8.88225217084853	
195	831.0229485915955	9.637662958357351	
195	867.0575424690007	9.457768540632614	
195	898.679013596752	8.951361358860915	
195	976.7324857949843	9.260040003918554	
195	1003.7980003144148	9.337713340124198	
195	1059.6897944015661	9.336426731386513	
195	1115.4866503691162	9.372368235627096	
195	1171.8420668170465	9.495497166964826	
195	1259.5647165384287	9.665420631652173	
196	120.20494921457133	10.422390238310475	
196	65.49939686260467	7.603437325931408	
196	42.62035227040229	6.986447277205471	
196	21.26433360723422	6.889487804681234	
196	751.752030716001	4.451139073069459	
196	766.8793052491021	7.537570597184488	
196	786.6481736005874	8.484824757681965	
196	812.8104784658063	9.127205385067292	
196	840.7599329025802	9.736984310984663	
196	876.5000861090231	9.442543640022318	
196	907.6520644679335	8.973050871181497	
196	985.9994943528919	9.26700855790762	
196	1013.1362444155332	9.338244101118345	
196	1069.029268558402	9.339474156835793	
196	1124.8677548564824	9.381104487366283	
196	1181.3432140660707	9.501147249024195	
196	1269.2640925142553	9.699375975826516	
196	672.9377675274206	11.239261500504297	
196	598.4179154162915	11.319626809799736	
196	499.10739290006615	11.010787122622519	
196	440.3773433885183	10.925607636432435	
196	385.1873997125126	10.804826449975756	
196	338.7785630161554	11.086622686000288	
196	280.6602070934342	11.425419920058907	
196	764.7390125570977	10.334732237539006	
196	805.7520719691661	9.9908788071329	
197	109.90955754733999	10.295391667231337	
197	57.87265880721014	7.626738055394513	
197	35.385989063276156	7.2343632071261395	
197	14.199391915790528	7.064941691443703	
197	775.069304870139	10.330292313041376	
197	815.7631925136955	10.011120544529286	
197	757.26994423823	5.517913522228984	
197	774.7353167499434	7.856011500841292	
197	795.4136922831801	8.765518682592754	
197	822.1173054051147	9.306826939308461	
197	850.551998222368	9.792065319787746	
197	885.9240365261433	9.423950417120126	
197	916.6454513325756	8.993386864642051	
197	995.2729198957427	9.273425542850836	
197	1022.4751770362016	9.33893262066849	
197	1078.3721395146656	9.342870956263598	
197	1134.2573207446949	9.38956588821252	
197	1190.8503927071472	9.507178641076436	
197	1279.0507029275643	9.786610413309111	
197	661.7010794137576	11.23668811366301	
197	587.0997158938895	11.318199522401958	
197	488.0980139950401	11.009378905026049	
197	429.45205190323696	10.925291485281303	
197	374.3747030146507	10.812696697861877	
197	327.6879264038603	11.090636612295127	
197	269.2382206718376	11.421986421596623	
198	785.3950468345514	10.325741964412359	
198	825.8012643526255	10.03807183893009	
198	763.6934470362521	6.4235027980221275	
198	782.8736301625614	8.138313412618034	
198	804.3933612426603	8.97966895948006	
198	831.5522483161457	9.434942911030873	
198	860.3679013711734	9.815903148805441	
198	895.3282774824195	9.404240956276258	
198	925.6579595311016	9.012508198525959	
198	1004.5522930061459	9.279373110403068	
198	1031.8149702302583	9.339793194056714	
198	1087.7187154489254	9.346575934259835	
198	1143.6551187556438	9.397798010948712	
198	1200.3641921475905	9.513799440443433	
198	1288.9442223444464	9.893519416882082	
198	731.8809065488207	11.296542278350971	
198	650.4662818605179	11.234797553239677	
198	575.7829015437849	11.316814350104686	
198	477.08999780919333	11.00801618584676	
198	418.5269882077171	10.925063695519844	
198	363.55438005297583	10.820322961674881	
198	316.5935125736469	11.094413830213385	
198	257.8217366797969	11.416483992040712	
198	99.73146919597109	10.178088351368897	
198	50.187658534821	7.685000272389156	
198	28.008617637252854	7.377371426023297	
198	6.5769563592639315	7.6224355565265824	
199	795.7174049914477	10.32235815689625	
199	835.8695686721796	10.068304319554226	
199	720.5931311675022	11.287775381318564	
199	639.2328507285829	11.233431131935017	
199	564.4674409176298	11.31546062615509	
199	466.08330262877223	11.006695180421119	
199	407.60206823721455	10.924919970502552	
199	352.7266705544645	10.827709498511375	
199	305.4956380665401	11.097874507106798	
199	246.41108514216234	11.410651537634568	
199	89.6600266091222	10.071442586848887	
199	42.45765870687248	7.729999827948525	
199	20.382028747510645	7.626588889742195	
199	753.6358065277922	5.506763558454037	
199	770.8175041026317	7.124057066379617	
199	791.2510006958678	8.37737053330638	
199	813.534652976491	9.141291733830714	
199	841.0757581200478	9.523509803902181	
199	870.1863327558093	9.818431384635936	
199	904.7130452458982	9.384767763478724	
199	934.6884843360604	9.030524804958889	
199	1013.8372154691433	9.28492246299756	
199	1041.1558059134231	9.340835683164787	
199	1097.0692687704297	9.350553321504334	
199	1153.0609710285394	9.405852272895533	
199	1209.8854412828414	9.52124913525059	
199	1299.108575030558	10.164352686111684	
200	709.3122150646701	11.28091610283211	
200	628.0003842470772	11.232466481505629	
200	553.1533109842337	11.314129933396057	
200	455.07788955866874	11.005413070103481	
200	396.67721217512087	10.92485606209371	
200	341.89181648733864	10.834854067125818	
200	294.3945883954418	11.10104967109828	
200	235.00651933515024	11.404565807012098	
200	759.9218573514322	6.2860508236399575	
200	778.457246852184	7.639742749552333	
200	799.8258798030224	8.574879107154624	
200	822.7966835601188	9.262030583627835	
200	850.658160618895	9.582402498847049	
200	879.9932622221238	9.806929466314477	
200	914.0793539691208	9.366308723222604	
200	943.7360118424783	9.04752750641795	
200	1023.127350973195	9.29013550405168	
200	1050.4978722989504	9.342066385527373	
200	1106.4240416785556	9.354772908125941	
200	1162.4747623770427	9.413791348503318	
200	1219.4158470953491	9.530405812507858	
200	1309.4716640015863	10.363088971028061	
200	806.0380007057801	10.320595714332379	
200	845.9693366127152	10.099767940535513	
200	79.68982306603165	9.970203543090546	
200	34.636615326146426	7.821043380726046	
200	12.353923178897674	8.02810556861298	
201	766.8396873598833	6.917830008451235	
201	786.4662995440065	8.009052691822477	
201	808.5617511031357	8.73587130011327	
201	832.1480185558617	9.351334995742866	
201	860.2776175606873	9.619456941792341	
201	889.7798254097611	9.78656318763734	
201	923.4286352110021	9.349281241881169	
201	952.79960588256	9.063594040081625	
201	1032.4224171412739	9.295066168078705	
201	1059.8413610861887	9.3434887872382	
201	1115.7832518993057	9.35921022075005	
201	1171.8964541198757	9.421691742833254	
201	1228.958030720192	9.542183624842856	
201	698.0366710580518	11.275544006618395	
201	616.7685750388147	11.23180920826262	
201	541.840495347112	11.312815637121755	
201	444.07372181202	11.004167746648742	
201	385.7523448532699	10.92486732185096	
201	331.0500574214591	10.84175906587953	
201	283.29062100747575	11.103967387966039	
201	223.6082816930341	11.398237642116163	
201	763.5727260878517	10.585230565295369	
201	816.3584961371739	10.320495431393843	
201	856.1005897166388	10.131253103923523	
201	69.8099627009056	9.87986036512606	
201	26.64001791052769	7.996597415618727	
201	4.348448935111321	8.005474243786365	
202	774.2067895718875	10.634063484035808	
202	826.6804068180629	10.321910680889067	
202	866.2629929749984	10.162403258359634	
202	774.2456562354953	7.405968875611886	
202	794.7399261676597	8.273626623653243	
202	817.4279947483778	8.866243645242216	
202	841.5647350115528	9.416716455691205	
202	869.9183067454376	9.640689184750288	
202	899.540735258771	9.76090984900983	
202	932.7625152315356	9.333880020533613	
202	961.8783986904124	9.07879280785237	
202	1041.722178667144	9.299761525870032	
202	1069.1864653211424	9.345104234953581	
202	1125.1470989499462	9.363847050640628	
202	1181.3261398634731	9.4296857435973	
202	1238.5169647779248	9.558934057732959	
202	686.7653394170216	11.27133164103025	
202	605.5371885601331	11.231386478681548	
202	530.528982833066	11.311512514045999	
202	433.07076421888127	11.002957593138715	
202	374.8273957257421	10.924949127527757	
202	320.20162749393904	10.84842992752004	
202	272.1839709399478	11.106650067527912	
202	212.21654424944134	11.391737443592747	
202	59.99782815516605	9.812134545739555	
202	18.57508581272873	8.06493209779895	
202	4.348448935111321	0.0	
203	675.4973155673758	11.26802384964567	
203	594.3060464761351	11.231142083998089	
203	519.2187663758687	11.310216457197338	
203	422.06898287439554	11.001781344485718	
203	363.90229861942083	10.925097106321294	
203	309.3467537459967	10.854873747942337	
203	261.074852033181	11.109118906766787	
203	200.831276886337	11.385267363104346	
203	50.25308878712835	9.744739368037697	
203	18.57508581272873	0.0	
203	2.930048593524617	1.4184003415867152	
203	784.8743485553135	10.667558983425973	
203	837.0050819499479	10.324675131884984	
203	876.4695893670732	10.20659639207483	
203	782.0159690476042	7.770312812109014	
203	803.2073969484544	8.467470780794692	
203	826.3996250214273	8.97163027304937	
203	851.028769388928	9.464034377375182	
203	879.5689060933444	9.650599347906894	
203	909.2731358346784	9.732400575907532	
203	942.0826795112121	9.320164279676337	
203	970.971583939679	9.093185249266602	
203	1051.026441396316	9.304262729172194	
203	1078.5333778721633	9.346912551020994	
203	1134.5157711392967	9.368672189350372	
203	1190.764110923376	9.437971059902852	
203	1248.0983952837314	9.58143050580632	
204	664.2318938309004	11.265421736475503	
204	583.0750138363076	11.231032639827493	
204	507.90984213398406	11.30892424188461	
204	411.06834487772284	11.000637996672685	
204	352.9769914026245	10.925307216796343	
204	298.48565507346234	10.861098672534325	
204	249.96345105693706	11.11140097624395	
204	189.4525320851383	11.378744801198705	
204	795.5640863883568	10.689737833043333	
204	847.3356076465552	10.33052569660727	
204	886.7284895825221	10.258900215448946	
204	790.0546139827221	8.03864493511785	
204	811.8216510859934	8.61425413753902	
204	835.4565716442564	9.056946622829246	
204	860.5265530620845	9.497783673156585	
204	889.2213944991103	9.652488405765844	
204	918.9757988294496	9.70266299477111	
204	951.3907919186368	9.308112407424813	
204	980.078411312355	9.106827372676062	
204	1060.3350472354207	9.308605839104647	
204	1087.8822905029037	9.348912630740694	
204	1143.8894562542441	9.373685114947556	
204	1200.2110102705105	9.446899347134462	
204	1257.7166215857637	9.618226302032276	
204	44.93910279897577	5.313985988152584	
204	17.139583394919583	1.435502417809138	
204	0.0889074292782368	2.8411411642463844	
205	806.2678969189342	10.703810530577304	
205	857.675615355158	10.340007708602812	
205	897.0360329583784	10.307543375856264	
205	652.9685236129988	11.26337021790161	
205	571.8439891783752	11.231024657932366	
205	496.60220879348384	11.307633340500201	
205	400.0688181330816	10.999526744641205	
205	342.05141562902617	10.925575773598341	
205	287.61854103208947	10.867114041372893	
205	238.84993769133484	11.113513365602206	
205	163.96972058719848	11.193824299069197	
205	39.27776744727595	5.661335351699816	
205	14.360644409963271	2.778938984956317	
205	756.3276783901135	5.275818778004222	
205	798.2927146235016	8.23810064077949	
205	820.5508590597213	8.729207973727934	
205	844.5828417377792	9.126270093522695	
205	870.0479172587717	9.52136419668711	
205	898.8701392241408	9.648744725030431	
205	928.6485715818086	9.672772752358956	
205	960.6884479019004	9.29765598326355	
205	989.1981820798084	9.119770767453373	
205	1069.647869810811	9.312822575390438	
205	1097.233393552855	9.35110304995127	
205	1153.2683571182272	9.378900863982928	
205	1209.667892527535	9.45688225702479	
205	1267.3841649782694	9.667543392505921	
206	816.9801602437473	10.712263324813131	
206	868.0274986232776	10.351883268119606	
206	907.4802015930118	10.444168634633295	
206	641.7067752663676	11.261748346631126	
206	560.6128968895557	11.231092288819525	
206	485.29586701730545	11.306341776178408	
206	389.07037119465537	10.998446938426241	
206	331.12551614852913	10.925899480497064	
206	276.7456118210373	10.87292921105219	
206	227.71319631663556	11.136741374699286	
206	762.5943554635464	6.266677073432852	
206	806.6829473896815	8.390232766179974	
206	829.3727715247874	8.82191246506591	
206	853.7657220578608	9.182880320081638	
206	879.5852363651359	9.537319106364192	
206	908.5112210689492	9.641081844808584	
206	938.2920030276558	9.64343144584724	
206	969.9771487939174	9.288700892017124	
206	998.3302453735791	9.132063293770756	
206	1078.9648108273243	9.316941016513212	
206	1106.5868764575496	9.353482904694458	
206	1162.6527180117703	9.384360893543116	
206	1219.1367318431148	9.468839315579666	
206	1277.1454161559545	9.761251177685068	
206	152.8495839048939	11.120136682304578	
206	33.398938977747235	5.878828469528712	
206	10.268145047490862	4.09249936247242	
207	769.650279550003	7.055924086456594	
207	815.1931225028278	8.510175113146254	
207	838.271235025852	8.898463501064663	
207	862.9950866763864	9.229364618525617	
207	889.1327722550352	9.54753588989942	
207	918.1419458518138	9.630724782864526	
207	947.9070922989577	9.615089271301857	
207	979.2582892009049	9.281140406987367	
207	1007.4739949444233	9.143749570844228	
207	1088.2857971579108	9.320986330586512	
207	1115.9429294706472	9.356053013097664	
207	1172.0428559130805	9.390137901310116	
207	1228.6203532773216	9.48362143420683	
207	1287.0149184695354	9.869502313580835	
207	141.79037851272753	11.05920539216638	
207	27.26077713622601	6.138161841521232	
207	5.000788619398065	5.267356428092794	
207	630.446313483407	11.26046178296048	
207	549.381681308821	11.231215580734686	
207	473.990819010027	11.305048007278439	
207	378.0729731410752	10.997398053580175	
207	320.1992407719959	10.926275376533226	
207	265.8653497324301	10.880262088607218	
207	216.54840205088442	11.164794265751144	
207	827.697032221726	10.71687197797867	
207	878.404978680401	10.37748005712336	
207	918.0582033537055	10.578001760693697	
208	130.78065323338518	11.009725279342367	
208	20.780811658763554	6.479965477462465	
208	838.4169939482579	10.719961726531949	
208	888.8174165324671	10.412437852066091	
208	755.1590259003206	6.894868333758535	
208	777.2906978730612	7.640418323058098	
208	823.8010096664274	8.607887163599564	
208	847.2340914665838	8.962856440731745	
208	872.2628268216706	9.26774014528412	
208	898.6861816159635	9.553409360928216	
208	927.7604960902443	9.618550238430416	
208	957.4951203267248	9.588028027767058	
208	988.5331524862466	9.274863285341771	
208	1016.6288662833126	9.154871338889288	
208	1097.6107787789228	9.324981621011993	
208	1125.30174738165	9.358817911002948	
208	1181.4392249463153	9.396369033234954	
208	1238.1241353386383	9.503782061316628	
208	1297.1470711936488	10.132152724113459	
208	619.1868765509907	11.259436932416344	
208	538.1503021723842	11.231379136436935	
208	462.6870681737029	11.303750836324063	
208	367.07659347404353	10.996379667031674	
208	309.27241964285764	10.926821129138286	
208	254.97626300473053	10.889086727699553	
208	205.36329951493624	11.185102535948163	
209	119.80816462626696	10.972488607118203	
209	13.561279293978316	7.219532364785238	
209	607.9282601726376	11.258616378353215	
209	526.9187310958346	11.231571076549642	
209	451.38461883548337	11.302449338219558	
209	356.0811945504898	10.995398923553731	
209	298.344793257073	10.927626385784668	
209	244.07784960031597	10.898413404414546	
209	194.16370621537644	11.199593299559806	
209	849.139936544308	10.722942596050101	
209	899.371832516855	10.55441598438798	
209	762.5706955880901	7.411669687769453	
209	785.3327444240734	8.042046551012286	
209	832.4907775863968	8.689767919969402	
209	856.2518974947238	9.017806028140143	
209	881.5623965758892	9.299569754218652	
209	908.2421512770336	9.555969661070105	
209	937.365685132803	9.605189042558736	
209	967.057536919345	9.562416592620227	
209	997.8029112437591	9.26975875751254	
209	1025.7943340256707	9.165467742357997	
209	1106.9397278363554	9.328949057432597	
209	1134.6635356267993	9.361788245149286	
209	1190.842479058449	9.403254112133867	
209	1247.6544161235315	9.530280784893069	
209	1307.4858271050734	10.338755911424528	
210	108.84832822229818	10.95983640396878	
210	5.754999696445566	7.806279597532736	
210	770.3865351946044	7.815839606514432	
210	793.6344528108821	8.30170838680871	
210	841.250720139491	8.759942553094186	
210	865.3171208318586	9.065223337134677	
210	890.8884587895704	9.32606221368128	
210	917.7981314851618	9.555980208128187	
210	946.956784522388	9.591099389585093	
210	976.5958846456485	9.538347726303503	
210	1007.0686308136557	9.265719569896458	
210	1034.969909592157	9.17557556648622	
210	1116.2726391232811	9.332911286925754	
210	1144.0285210544525	9.36498542765303	
210	1200.2536413126422	9.411162254193187	
210	1257.224558233102	9.570142109570753	
210	596.6703048506874	11.257955321950108	
210	515.6869488565342	11.231782239300427	
210	440.08347585939015	11.301142976093235	
210	345.0867272865676	10.99446726392214	
210	287.41610136740627	10.92869188966672	
210	233.1701854957517	10.907664104564288	
210	182.95353851487747	11.210167700498982	
210	761.3555962451915	10.409798660904535	
210	859.875263200129	10.73532665582105	
210	910.0324678368329	10.660635319977828	
211	585.412886044143	11.257418806544463	
211	504.45494328811463	11.232005568419531	
211	428.78364423173593	11.29983162765423	
211	334.0931332147819	10.993594071785699	
211	276.48612300841387	10.9299783589924	
211	222.25363081924644	10.916554676505264	
211	750.0	7.678999723376799	
211	778.5013862595829	8.114851064978376	
211	802.0991198894807	8.464667078598577	
211	850.0718458686886	8.821125729197556	
211	874.4236174989344	9.106496667075932	
211	900.23661324762	9.348154458049493	
211	927.3521425664389	9.55401108127719	
211	956.5334028333752	9.5766183109871	
211	986.1117470828867	9.515862437238223	
211	1016.3312746099979	9.262643796342232	
211	1044.1551390434865	9.185229451329574	
211	1125.6095327610124	9.336893637731075	
211	1153.3969674215084	9.368446367055942	
211	1209.6741768560928	9.420535543450404	
211	1266.8454868814351	9.620928648332848	
211	157.59675653235772	11.155613275190076	
211	97.88619025885794	10.962137963440247	
211	771.7511570358395	10.395560790648085	
211	870.6272261304263	10.751962930297275	
211	920.7717831699789	10.739315333146056	
212	574.1559064909575	11.256979553185513	
212	493.2227076451445	11.23223564297012	
212	417.4851287673675	11.298515464368469	
212	323.1003485377833	10.992784676998584	
212	265.5546872455436	10.93143576287026	
212	211.2869765595233	10.966654259723132	
212	782.1518163153264	10.400659279486845	
212	881.3970126898018	10.769786559375637	
212	146.47514339683852	11.121613135519182	
212	86.92465724823387	10.961533010624063	
212	750.0	0.0	
212	786.8261381374285	8.324751877845683	
212	810.6673762019374	8.568256312456702	
212	858.9470048289012	8.875158960212676	
212	883.5662794327638	9.142661933829448	
212	909.6031901113511	9.366576863731018	
212	936.9026356225501	9.550493056111096	
212	966.0954002310376	9.561997397662397	
212	995.6067132515794	9.494966168692654	
212	1025.5917104738032	9.260435863805434	
212	1053.3496011497068	9.194462106220454	
212	1134.9504595870878	9.340926826075634	
212	1162.7692026956122	9.37223527410384	
212	1219.106416619994	9.432239763901098	
212	1276.548059481519	9.702572600084117	
213	792.5678077255351	10.41599141020877	
213	892.2346287901587	10.8376161003568	
213	750.3569876336812	1.4329876067499707	
213	795.2928430627928	8.466704925364336	
213	819.3052416615928	8.637865459655508	
213	867.8703401857247	8.923335356823442	
213	892.740789395031	9.174509962267036	
213	918.9850939839197	9.381903872568643	
213	946.4483924417642	9.545756819214152	
213	975.6428275945718	9.54742736353429	
213	1005.0823529118834	9.475639660304001	
213	1034.8507175485008	9.259007074697484	
213	1062.5529056960659	9.203304546358899	
213	1144.2955114999772	9.345051912889422	
213	1172.1456521497876	9.376449454175292	
213	1228.5534131855516	9.44699656555786	
213	1286.3472812154719	9.799221733952752	
213	725.6356671051196	11.42987971390381	
213	562.8992902183295	11.256616272627948	
213	481.9902393336191	11.23246831152541	
213	406.18793396020726	11.29719480716022	
213	312.10830797280073	10.992040564982567	
213	254.61877820426042	10.93590904128322	
213	200.28342389037903	11.003552669144275	
213	135.37913503731565	11.096008359522889	
213	76.35837314065301	10.566284107580863	
214	803.0042183707319	10.436410645196787	
214	903.0841041539985	10.849475363839831	
214	753.2013671665542	2.844379532873006	
214	803.8544538226023	8.56161075980945	
214	827.9940053064439	8.688763644851031	
214	876.8369352881333	8.96659510240868	
214	901.9434460727707	9.202656677739721	
214	928.3796865905158	9.394592606596193	
214	955.9884535225488	9.540061080784534	
214	985.1758824363033	9.533054841731394	
214	1014.5401992729121	9.457846361028624	
214	1044.108993358514	9.258275810013314	
214	1071.764692079007	9.211786382941353	
214	1153.6448364870541	9.349324987076859	
214	1181.5268991633338	9.381247013546417	
214	1238.0199866510275	9.466573465475834	
214	1296.3742946233124	10.027013407840423	
214	124.3280712459772	11.05106379133845	
214	66.02684019114895	10.331532949504076	
214	714.2042955271	11.43137157801958	
214	551.642977869649	11.256312348680455	
214	470.75753892783644	11.232700405782651	
214	394.8920639477788	11.295870012428438	
214	301.1167662397476	10.991541733053085	
214	243.67695092161676	10.941827282643665	
214	189.2341437834747	11.049280106904328	
215	757.3485855956943	4.1472184291401115	
215	812.4808401279171	8.626386305314767	
215	836.7234832336715	8.729477927227535	
215	885.8425797517517	9.005644463618413	
215	911.1710367047979	9.227590632027269	
215	937.7846985539379	9.405011963422	
215	965.5220660425598	9.53361252001106	
215	994.6948762897838	9.518993853480522	
215	1023.9817368840039	9.441537611091869	
215	1053.3671608988411	9.258167540327161	
215	1080.984628276947	9.219936197939932	
215	1162.9986641637174	9.35382767666343	
215	1190.9137372016803	9.386838038346346	
215	1247.511804126554	9.49181747552645	
215	1306.4740065791989	10.09971195588658	
215	175.15140947636831	11.082734307106382	
215	113.3286348016162	10.999436444360999	
215	55.81798479670337	10.208855394445584	
215	813.4635546635062	10.459336292774319	
215	913.9795983006395	10.895494146640944	
215	702.7717658685062	11.43252965859384	
215	540.3869230586106	11.25605481103848	
215	459.52460941161246	11.232929516223995	
215	383.5975182279987	11.294545719780118	
215	290.1254333643333	10.991332875414315	
215	232.72745948579538	10.949491435821379	
216	164.07438542519222	11.077024051176103	
216	102.37911143445969	10.94952336715652	
216	45.80774248267875	10.010242314024609	
216	750.0	10.253753426485838	
216	823.9464380017209	10.482883338214707	
216	762.6621166556306	5.313531059936318	
216	821.1537946522255	8.672954524308441	
216	845.4880498723778	8.764566638706437	
216	894.8836095480482	9.041029796296474	
216	920.4207428097288	9.249706104930965	
216	947.198162891368	9.413464337430161	
216	975.0486458559799	9.526579813420048	
216	1004.200209960063	9.505333670279244	
216	1033.4083932591448	9.426656375140766	
216	1062.625775635468	9.258614736626708	
216	1090.2124103473525	9.227782070405592	
216	1172.3573354163732	9.358671252655718	
216	1200.307283868789	9.39354666710889	
216	1257.0409270485284	9.52912292197437	
216	691.3383438958408	11.433421972665379	
216	529.1310895247724	11.255833533838176	
216	448.2914554499489	11.233153961663541	
216	372.30429129414745	11.293226933851276	
216	279.1339633279946	10.991470036338708	
216	221.73078498817642	10.996674497618969	
217	759.930536481181	10.202776475496293	
217	834.4526871347377	10.506249133016762	
217	679.9042412275916	11.434102668249189	
217	517.8754489101492	11.255640614623184	
217	437.058082810667	11.233372639281901	
217	361.0123720061545	11.291919287992906	
217	268.1396183396046	10.994344988389951	
217	210.7271054969276	11.003679491248826	
217	153.00458386015865	11.069801565033568	
217	91.48543082252941	10.893680611930284	
217	35.88072788194347	9.92701460073528	
217	768.9975166690956	6.335400013464981	
217	829.8627553711444	8.70896071891899	
217	854.2844501928226	8.796400320444747	
217	903.9567943659578	9.073184817909565	
217	929.6900694767546	9.269326667025718	
217	956.6183646152458	9.420201723877765	
217	984.5677492898087	9.519103433828947	
217	1013.6923542226248	9.49214426256166	
217	1042.82153328563	9.413140026485362	
217	1071.8853323964354	9.259556760967365	
217	1099.4477626377106	9.235352290358039	
217	1181.7213515147437	9.364016098370213	
217	1209.70903548526	9.401751616471014	
217	1266.6122461031564	9.571319054628159	
218	770.1122986033325	10.181762122151493	
218	844.9832303019205	10.530543167182849	
218	668.4696263786266	11.434614848964998	
218	506.6199790207021	11.255469889447122	
218	425.82449789242406	11.233584918242908	
218	349.7216863318944	11.290685674260123	
218	257.14271666624103	10.996901673363622	
218	199.71842654172653	11.008678955201086	
218	776.2027023683644	7.2051856992687515	
218	838.601755739778	8.739000368633512	
218	863.1106356225657	8.826185429743147	
218	913.0592560686292	9.102461702671441	
218	938.9767917018708	9.286722225116064	
218	966.0438022140321	9.425437598786296	
218	994.0790517533073	9.511302463498554	
218	1023.1718343734167	9.479480150791895	
218	1052.222455790591	9.400922504961038	
218	1081.1462721966282	9.26093980019268	
218	1108.6904390358754	9.242676398164663	
218	1191.0914190130666	9.370067498323147	
218	1219.121262955731	9.412227470470908	
218	1276.2618181906673	9.649572087511016	
218	141.9436495048185	11.060934355340148	
218	80.64398404382665	10.841446778702755	
218	25.83833048417793	10.04239739776555	
219	784.1195643028477	7.916861934483351	
219	847.367465327099	8.765709587321021	
219	871.9651573997942	8.854521777228358	
219	922.1884082112741	9.129152142644925	
219	948.2789132009756	9.302121499104873	
219	975.4731578681624	9.429355654130363	
219	1003.5823310779574	9.503279324650142	
219	1032.639217584357	9.467383210940492	
219	1061.6123918497406	9.389936059149552	
219	1090.408989120322	9.262716923694047	
219	1117.9402255356758	9.249786499800654	
219	1200.468583808867	9.377164795800201	
219	1228.5465610539522	9.425298098221207	
219	1285.9979027858944	9.736084595227098	
219	780.2901760775524	10.177877474219882	
219	855.5368378275159	10.55360752559544	
219	130.89281963851715	11.050829866301335	
219	69.83562048887296	10.808363554953683	
219	15.961374670240247	9.876955813937691	
219	729.7921830213024	11.269054988800782	
219	657.0346335540221	11.434992824604475	
219	495.364662466114	11.255316554588076	
219	414.59070544246583	11.233792449958205	
219	338.43218224430086	11.289504087593526	
219	246.14359989490745	10.999116771333577	
219	188.67733229601816	11.041094245708365	
220	718.5316022333027	11.260580787999734	
220	645.5993696501508	11.435263903871276	
220	484.10948553762364	11.255176928490338	
220	403.3567095588071	11.233995883658736	
220	327.14382582043544	11.2883564238654	
220	235.1408322461318	11.002767648775666	
220	792.5958854921555	8.476321189307717	
220	856.1580079742146	8.790542647115508	
220	880.8468553988008	8.881697999006683	
220	931.3419102188557	9.153502007581562	
220	957.5946344358865	9.315721234910887	
220	984.9052740794558	9.432116211293382	
220	1013.0774541534054	9.495123075447951	
220	1042.0951023888865	9.455884804529408	
220	1070.9925045716498	9.380112721909262	
220	1099.6738374238066	9.26484830348458	
220	1127.196944648651	9.256719112974878	
220	1209.8541919743361	9.385608165469359	
220	1237.9896110747238	9.443050020771619	
220	1295.8812530703542	9.883350284459626	
220	790.4740613697702	10.183885292217807	
220	866.1118558496105	10.575018022094511	
220	163.69373853672818	10.948185134265717	
220	119.8521024643451	11.040717174172054	
220	59.07029510680104	10.765325382071934	
220	6.195377745925299	9.765996924314944	
221	152.80481162119045	10.888926915537702	
221	108.82221401847129	11.029888445873807	
221	48.352059333960426	10.71823577284062	
221	800.6696062829483	10.195544913178045	
221	876.7065206115506	10.594664761940079	
221	757.6877249765413	7.540903782275826	
221	801.4925196717757	8.896634179620209	
221	864.9722775198277	8.81426954561319	
221	889.7547014248186	8.907846026017735	
221	940.5176320189667	9.175721800110983	
221	966.9223274898461	9.327693053959708	
221	994.3391350119916	9.433860932535778	
221	1022.5643658852912	9.486911731885769	
221	1051.5401098710067	9.445007482120234	
221	1080.363890192994	9.371385621343968	
221	1108.9411391180404	9.267301694233748	
221	1136.4604618731864	9.263517224535658	
221	1219.2503345856417	9.396142611305573	
221	1247.4557003345976	9.466089259873753	
221	1305.9305342441878	10.049281173833553	
221	707.2772120305992	11.254390202703501	
221	634.1639198275769	11.435449822573908	
221	472.8544373666737	11.255048170949914	
221	392.1225143592612	11.234195199545905	
221	315.8565538137195	11.287272006715968	
221	224.0884148471034	11.052417399028412	
222	141.95623851530883	10.848573105881652	
222	97.80410868100381	11.018105337467476	
222	37.77992537534726	10.57213395861315	
222	696.0272665089999	11.249945521599338	
222	622.7283519470434	11.43556788053356	
222	461.5995092923135	11.25492807436022	
222	380.88812294001497	11.234391419246192	
222	304.5691819379451	11.287371875774388	
222	212.99899252493873	11.08942232216468	
222	750.0	10.167575806164237	
222	810.8799264419706	10.210320159022329	
222	887.3191217957292	10.612601184178667	
222	765.4750189577004	7.787293981159062	
222	810.6891224238711	9.196602752095464	
222	873.8095533276216	8.837275807794022	
222	898.687722593141	8.933021168322343	
222	949.7136262891843	9.195994270217602	
222	976.2605160653502	9.338188575504002	
222	1003.773851304906	9.434716292914377	
222	1032.0430798258394	9.47871394054817	
222	1060.974876297878	9.434766426871041	
222	1089.7275804110832	9.363690218089399	
222	1118.2111922626168	9.270053144576412	
222	1145.7306961025333	9.270234229346887	
222	1228.659720657758	9.409386072116401	
222	1256.9530193516275	9.49731901703005	
223	131.13516594751985	10.821072567788967	
223	86.80494655181258	10.999162129191227	
223	28.25879592084516	9.521129454502088	
223	773.4999905051576	8.024971547457213	
223	820.0872876023125	9.398165178441316	
223	882.6692900388758	8.859736711254111	
223	907.6449658995501	8.957243306409254	
223	958.9281063497865	9.214480060602265	
223	985.6078593343716	9.347343269021426	
223	1013.2086474604696	9.434796155563632	
223	1041.5136700562107	9.47059023037143	
223	1070.400047052342	9.425170754464267	
223	1099.0845459319144	9.35696552083124	
223	1127.4842806558431	9.27308839322627	
223	1155.0076316232912	9.276935520757839	
223	1238.0861964183146	9.426475760556286	
223	1266.490452563269	9.537433211641327	
223	684.7804309026961	11.246835606303772	
223	611.2927201004653	11.43563184657807	
223	450.3446943395633	11.254814952750152	
223	369.6535002429587	11.23462269705625	
223	293.28105618230944	11.288125755635614	
223	201.88218126495525	11.11681125998347	
223	759.1797428773667	10.081632827014662	
223	821.1066038453375	10.226677403366882	
223	898.0471843105227	10.72806251479344	
224	120.33348695488573	10.801678992634125	
224	75.9012914648545	10.903655086958073	
224	19.167536459240807	9.09125946160434	
224	781.7460261686912	8.246035663533567	
224	829.6107981063458	9.523510504033325	
224	891.551006197807	8.881716158931253	
224	916.6254837211976	8.98051782164746	
224	968.159428306057	9.231321956270392	
224	994.96313870373	9.355279369358428	
224	1022.6428511641158	9.434203703646181	
224	1050.9762640603522	9.462594004141254	
224	1079.8162717992614	9.416224746919397	
224	1108.435701370026	9.351155438111654	
224	1136.7606846931135	9.276404037270407	
224	1164.2913394293948	9.283707806103495	
224	1247.5344700797978	9.448273661483213	
224	1276.1293664513628	9.638913888093757	
224	673.5356851350458	11.244745767650342	
224	599.857067421224	11.43565267924136	
224	439.08998569327946	11.254708646283841	
224	358.4185980211592	11.234902221799512	
224	281.99186913347773	11.289187048831694	
224	190.74530414298187	11.136877121973388	
224	769.2062395778908	10.026496700524115	
224	831.3502904009592	10.24368655562181	
224	908.8337241258163	10.786539815293574	
225	662.2922501919704	11.243434943075387	
225	588.4214283124562	11.43563910876778	
225	427.83537622528775	11.254609467991733	
225	347.183368609159	11.23522941200021	
225	270.7015346158709	11.290334517606837	
225	790.1895174785891	8.443491309897937	
225	839.2035537989506	9.592755692604838	
225	900.4542279835392	8.903221785732185	
225	925.6283297143832	9.002845993185526	
225	977.4060764320827	9.246648126025814	
225	1004.3252468026171	9.36210809888712	
225	1032.0758840802382	9.433032916122302	
225	1060.4310364427786	9.45477238242662	
225	1089.2242009030008	9.407929103739363	
225	1117.7819114941422	9.346210124116178	
225	1146.0406954428572	9.280010749743637	
225	1173.5820023075962	9.290662878201413	
225	1257.0227775615665	9.488307481768816	
225	1285.8911955580825	9.76182910671987	
225	779.1989016916533	9.99266211376253	
225	841.6128856065211	10.262595205561801	
225	919.6929731499392	10.859249024122906	
225	165.5343990241102	11.079283179669826	
225	109.55360962356329	10.779877331322444	
225	65.11511634127046	10.786175123584037	
225	9.94357488730924	9.223961571931582	
226	154.49578200894263	11.038617015167581	
226	98.80024825953356	10.753361364029736	
226	54.411196447585326	10.703919893685134	
226	0.859778897113415	9.083795990195823	
226	789.1723179337177	9.973416242064477	
226	851.8956790506481	10.282793444126959	
226	651.0495318372699	11.242718354700552	
226	576.9858302189917	11.435598093464517	
226	416.580858528939	11.254517696348712	
226	335.9477717755257	11.235596833633302	
226	259.3956495685774	11.305885047293469	
226	798.8032526385313	8.6137351599422	
226	848.8261832771445	9.622629478193995	
226	909.3784631333567	8.924235149817473	
226	934.6525596496842	9.02422993530115	
226	986.6666510567494	9.260574624666614	
226	1013.6931781800947	9.367931377477516	
226	1041.5072538060372	9.431369725799149	
226	1069.8782034297012	9.44716698692251	
226	1098.6244831227725	9.400282219771716	
226	1127.1239993436666	9.342087849524173	
226	1155.3246316340064	9.283936191149458	
226	1182.8799504611557	9.297948153559322	
226	1266.567133146859	9.544355585292603	
226	1295.9078177973674	10.016622239284995	
227	143.4896925349447	11.006089473997926	
227	88.07373060727477	10.726517652258785	
227	43.7915482493886	10.619648198196725	
227	639.8070775362544	11.242454301015563	
227	565.550295039296	11.435535179695773	
227	405.3264251539517	11.254433374987325	
227	324.71130159409876	11.236470181426979	
227	248.07812518909046	11.31752437948697	
227	763.4201214443444	8.213984605876611	
227	807.5594848122654	8.756232173734078	
227	858.4523089510384	9.626125673893835	
227	918.3231910638003	8.944727930443548	
227	943.6972343749178	9.04467472523359	
227	995.9398584032162	9.273207346466892	
227	1023.0660213352326	9.372843155137824	
227	1050.9365467706089	9.429292964571541	
227	1079.3180181463354	9.439814716634242	
227	1108.017764755693	9.393281632920374	
227	1136.4627564393422	9.338757095675835	
227	1164.6128612905234	9.288229656516823	
227	1192.1856974797295	9.305747018573923	
227	1276.2058362667458	9.63870311988681	
227	1306.1268333941725	10.219015596804816	
227	799.1365154796001	9.964197545882348	
227	862.1997689314494	10.304089880801273	
228	132.51027149008843	10.979421044856279	
228	77.37509312060413	10.698637486670622	
228	33.220127668919815	10.571420580468775	
228	809.0984300619468	9.96191458234671	
228	872.5357511175876	10.335982186138189	
228	771.583395420995	8.16327397665049	
228	816.4321067234875	8.872621911222181	
228	868.0651207907251	9.612811839686826	
228	927.2878614134671	8.964670349666832	
228	952.7614234826797	9.064189107761825	
228	1005.2245019710019	9.284643567785587	
228	1032.4429518045308	9.37693046929843	
228	1060.3634219439919	9.426875173383047	
228	1088.7507667318605	9.432748585525019	
228	1117.4046904039506	9.386925648257732	
228	1145.7989556836746	9.336199244332471	
228	1173.905826222778	9.292964932254579	
228	1201.5002187405084	9.314521260778944	
228	1285.950147799208	9.74431153246227	
228	759.3188657281619	9.901597140393184	
228	628.564543458062	11.242534078192467	
228	554.114840252056	11.435454787240054	
228	394.0720544978041	11.25437065614757	
228	313.47368079881915	11.23762079527964	
228	236.75199537423512	11.326129814855342	
229	819.0629131983609	9.964483136414012	
229	882.900137701977	10.364386584389374	
229	121.55338836275416	10.95688312733427	
229	66.70157986317054	10.673513257433584	
229	22.70563464006699	10.514493028852836	
229	769.1811643174906	9.862298589328619	
229	617.3216691799375	11.24287427812437	
229	542.6794797078144	11.435360544241536	
229	382.81772033786035	11.254334159943784	
229	302.2347831833919	11.238897615427243	
229	225.4196179723474	11.332377401887712	
229	779.8200080531931	8.236612632198142	
229	825.3979271430464	8.965820419558959	
229	877.6545652290126	9.589444438287405	
229	936.27189673168	8.984035318212939	
229	961.844208984643	9.082785501963334	
229	1014.5194751514684	9.294973180466599	
229	1041.8232261087874	9.380274304256533	
229	1069.7876052869958	9.42418334300402	
229	1098.1767653968218	9.425998664961245	
229	1126.785905644592	9.381215240641444	
229	1155.133366820331	9.334411136656197	
229	1183.2041355545234	9.2983093317454	
229	1210.8251037977334	9.324885057224805	
229	1295.9381412822825	9.98799348307434	
230	606.0782582805724	11.243410899365118	
230	531.2442243280923	11.435255379722149	
230	371.56339713464337	11.254323203216982	
230	290.9945798909032	11.240203292488756	
230	214.08912906163894	11.330488910708457	
230	779.0914432534216	9.910278935931037	
230	829.0338116801674	9.970898481806497	
230	893.2897018736236	10.389564171646661	
230	110.61591113192347	10.937477230830698	
230	56.052575068451915	10.649004794718628	
230	12.244347691267052	10.461286948799932	
230	788.1592005409807	8.339192487787697	
230	834.4372117441287	9.039284601082286	
230	887.2152042483087	9.560639019296127	
230	945.2746969931742	9.002800261494137	
230	970.9446886733726	9.100479688729612	
230	1023.8237548437646	9.304279692296232	
230	1051.206176423223	9.382950314435499	
230	1079.2088849258748	9.421279638878914	
230	1107.5963585810584	9.419593184236742	
230	1136.1620617478407	9.37615610324857	
230	1164.466792388101	9.333425567770082	
230	1192.5086653922895	9.30452983776607	
230	1220.1629781591032	9.337874361369824	
230	1306.110513708937	10.172372426654567	
231	99.69559279667959	10.92031833524387	
231	45.42762143761448	10.624953630837448	
231	1.83045198174392	10.413895709523125	
231	750.0	10.312234184048512	
231	789.0783193764485	9.986876123026834	
231	594.8341634462608	11.244094834311513	
231	519.8090827012172	11.43514162687506	
231	360.3090626884256	11.254334446217744	
231	279.75330593519146	11.241273955711735	
231	202.7543019951679	11.334827066471028	
231	839.0139694042041	9.980157724036681	
231	903.8202970938955	10.530595220272003	
231	796.6002641579865	8.441063617005772	
231	843.533701251343	9.096489507214274	
231	896.744666764143	9.529462515834272	
231	954.2956447055742	9.020947712400032	
231	980.0619790482893	9.117290374916783	
231	1033.1363958970387	9.312641053274172	
231	1060.591205884699	9.385029461476172	
231	1088.6271070845035	9.418222158628714	
231	1117.0099183681154	9.413559787056853	
231	1145.5338273664104	9.371765618569775	
231	1173.8001180604042	9.333325672303273	
231	1201.8207365802757	9.312071187986337	
231	1229.517264643408	9.354286484305062	
232	88.79085094947123	10.90474184720836	
232	34.82609832826654	10.601523109347927	
232	759.719428669742	10.296680776756522	
232	799.1489194687767	10.070600092328258	
232	849.0053777787405	9.991408374536299	
232	914.4157032919626	10.595406198067005	
232	583.5892750370824	11.244888409178477	
232	508.3740615771435	11.43502112407374	
232	349.05470533895016	11.254357349475493	
232	268.51094532784794	11.24236060734351	
232	191.4165405623309	11.337761432837013	
232	754.3835004735053	0.0	
232	805.1331479319365	8.532883773950015	
232	852.6743133713228	9.14061211997976	
232	906.2425681890767	9.497901424933733	
232	963.3341099765731	9.038465270998902	
232	989.1952177818682	9.133238733578825	
232	1042.4565262512315	9.320130354192768	
232	1069.9777844926193	9.386578607920043	
232	1098.0421728380684	9.415065753564908	
232	1126.4178465775458	9.407928209430498	
232	1154.9019086299418	9.368081263531337	
232	1183.134393298135	9.334275237730495	
232	1211.14215665164	9.32142007136441	
232	1238.893686364634	9.376421721226007	
233	755.8445619864415	1.4610615129361526	
233	813.7459943284989	8.61284639656234	
233	861.8486952717556	9.174381900432753	
233	915.7097754211941	9.467207232117374	
233	972.389455236681	9.055345260107853	
233	998.3435657508046	9.148347968936493	
233	1051.7833426869242	9.326816435692644	
233	1079.3654455945923	9.38766110197307	
233	1107.4540361104164	9.41186327234794	
233	1135.8205808307935	9.40273425324753	
233	1164.2670828811795	9.365174251237669	
233	1192.470893694015	9.33650039588042	
233	1220.475654959158	9.333498307517715	
233	1248.2984973631105	9.404810998476385	
233	859.0136068208694	10.008229042128962	
233	77.90058149516159	10.890269454309651	
233	26.080975131841512	8.745123196425025	
233	770.0138651766038	10.294436506861718	
233	809.3015697481082	10.152650279331569	
233	572.3435123070669	11.245762730015539	
233	496.9391663168604	11.434895260283076	
233	337.8003142753787	11.254391063571443	
233	257.2675274312041	11.243417896643827	
233	180.0769494192412	11.339591143089704	
234	869.042450990572	10.028844169702525	
234	780.3154962170412	10.301631040437416	
234	819.5309822503202	10.229412502212018	
234	561.0968166623376	11.2466956447294	
234	485.50440117917987	11.434765137680506	
234	326.5458807056819	11.25443356969681	
234	246.0231084038776	11.244419027326497	
234	154.4286333132656	11.314739129540172	
234	67.21539335899396	10.685188136167634	
234	18.487421643056393	7.593553488785128	
234	758.7232760535298	2.878714067088462	
234	822.4277721075406	8.681777779041779	
234	871.0487414793333	9.200046207577646	
234	925.1479153702242	9.438139949030107	
234	981.4610394916774	9.07158425499644	
234	1007.5062086790385	9.16264292823383	
234	1061.1161071263518	9.332764439427708	
234	1088.7537830659667	9.388337471374202	
234	1116.8627035296108	9.40866741919444	
234	1145.2186068334015	9.398026002608216	
234	1173.6302362017223	9.363153320542636	
234	1201.8112789618367	9.340385267821643	
234	1229.8246575153712	9.349002556213446	
234	1257.7494813375483	9.450983974437651	
235	790.6306171136621	10.315120896620929	
235	829.8306112572751	10.299629006954808	
235	549.8491464808639	11.247670181473667	
235	474.0697695582427	11.434631620937203	
235	315.2913982521882	11.254482453493713	
235	234.7633584010344	11.259750002843196	
235	143.13503809923685	11.293595214028757	
235	56.867360092336924	10.348033266657042	
235	11.216381993564369	7.271039649492016	
235	762.9058225770056	4.182546523475681	
235	831.1689933395567	8.741221232016017	
235	880.2681441778107	9.219402698477362	
235	934.5590500098695	9.411134639645182	
235	990.5482220737247	9.08718258204718	
235	1016.6823584481997	9.17614976916117	
235	1070.4541434789776	9.338036352625585	
235	1098.1424494173584	9.388666351391926	
235	1126.2682371357992	9.405533606188403	
235	1154.6124756921358	9.393868858734182	
235	1182.9924294093275	9.36219320760537	
235	1211.1576290614753	9.346350099638517	
235	1239.1960677639345	9.371410248563018	
235	1267.2614008972994	9.511919559751119	
235	879.1140608378053	10.071609847233276	
236	768.2535037062902	5.347681129284636	
236	839.9617236332736	8.792730293716811	
236	889.5020069187412	9.233862740930558	
236	943.9454630226168	9.386413012747358	
236	999.6503659089881	9.102143835263481	
236	1025.8712541332015	9.188895685001992	
236	1079.7968350902838	9.34269161130618	
236	1107.5311552458272	9.388705828468684	
236	1135.6707602666593	9.402523130860047	
236	1164.0028321649118	9.390356472776086	
236	1192.354948829431	9.36251942010335	
236	1220.5132140074973	9.355584946021997	
236	1248.5979989678563	9.401931203921832	
236	1276.8809153346774	9.619514437377932	
236	131.86945550459575	11.265582594641096	
236	46.83779258024089	10.029567512096031	
236	3.5515828544234864	7.664799139140869	
236	538.6004731317522	11.248673349111643	
236	462.6352741761554	11.434495382087272	
236	304.0364287974939	11.254969454694285	
236	223.484840899781	11.27851750125338	
236	800.9631698919264	10.332552778264324	
236	840.1937576108295	10.36314635355438	
236	889.2416211596492	10.12756032184403	
237	751.4664464972383	8.018029351661799	
237	774.6208806351333	6.367376928843038	
237	848.7993727008432	8.837649067569583	
237	898.7465297596215	9.244522840880306	
237	953.3095203370199	9.364057314403059	
237	1008.7668403434723	9.116474434484198	
237	1035.0721628220645	9.20090868886274	
237	1089.1436229422834	9.34678785199982	
237	1116.9196703812559	9.388515135428467	
237	1145.0704684278976	9.399708161238285	
237	1173.3904458405236	9.387613675611707	
237	1201.719545291583	9.36459646215207	
237	1229.8823406792885	9.369126671791223	
237	1258.0471876442653	9.449188676409184	
237	1286.6184284436868	9.737513109009473	
237	899.4836715504209	10.242050390771682	
237	811.3154163886869	10.352246496760472	
237	850.61412909507	10.420371484240446	
237	120.63824094801734	11.231214556578404	
237	36.98432236030763	9.853470219933248	
237	527.3507779160873	11.249695215664934	
237	451.200913918357	11.434360257798414	
237	292.7805154395794	11.255913357914489	
237	212.1922145650578	11.292626334723186	
238	821.6884676349617	10.373051246274805	
238	861.0859128195721	10.47178372450207	
238	109.44240044946851	11.195840498548836	
238	27.161377381772837	9.8229449785348	
238	516.1000496094512	11.250728306636171	
238	439.7666843783207	11.434229540036332	
238	281.5234257326057	11.25708970697371	
238	200.88920507922532	11.303009485832481	
238	909.8614435810243	10.377772030603456	
238	759.0011944884611	7.534747991222844	
238	781.8662777873432	7.245397152209962	
238	857.6764497869132	8.877077086070047	
238	907.99876131632	9.25223155669853	
238	962.6535793620832	9.34405902506333	
238	1017.8970235798498	9.13018323637757	
238	1044.2843802832754	9.212217461211045	
238	1098.4940047924931	9.350381850209569	
238	1126.3078274445752	9.388157063319461	
238	1154.4676441607633	9.397175732865781	
238	1182.7762946817302	9.385848841206592	
238	1211.0885384038402	9.368993112257227	
238	1239.2721952261818	9.389854546893192	
238	1267.556179707905	9.508992063639631	
238	1296.6377905504169	10.019362106730028	
239	766.6792714791628	7.678076990701629	
239	789.8463957550274	7.980117967684217	
239	866.5883452971892	8.911895510276064	
239	917.2564077710406	9.257646454720657	
239	971.9799303754004	9.326351013317199	
239	1027.040304783663	9.14328120381333	
239	1053.507231554252	9.222851270976536	
239	1107.8475355639316	9.353530771438606	
239	1135.6955280111165	9.387700566541353	
239	1163.8626885397657	9.39504437900247	
239	1192.1616449493408	9.385350267610697	
239	1220.4653703257322	9.376831921891958	
239	1248.6905500565713	9.418354830389763	
239	1277.1685136321387	9.612333924233651	
239	1306.8358401098935	10.198049559476763	
239	504.8482825844167	11.251767025034457	
239	428.3325801543647	11.43410422395599	
239	270.2650769585988	11.258348774006908	
239	189.58658689882532	11.302618180400017	
239	98.27758529141079	11.164815158057719	
239	21.394775668455253	5.766601713317581	
239	832.082656291783	10.39418865682131	
239	871.603928909261	10.518016089688901	
239	920.3382449782632	10.476801397238868	
240	493.5954754356637	11.252807148753037	
240	416.898596154166	11.43398400019868	
240	259.0057138159248	11.259363142673973	
240	164.00206746901063	11.283044869387599	
240	87.40807747903196	10.86950781237882	
240	15.929130970495521	5.465644697959734	
240	750.2133791341032	10.377539024209668	
240	842.4978152924491	10.415159000666055	
240	882.1636620093773	10.559733100116395	
240	774.6405931846962	7.961321705533354	
240	798.4241169396854	8.577721184658017	
240	875.5311527918384	8.94280749464922	
240	926.5176875961682	9.261279825127572	
240	981.2907593111488	9.31082893574837	
240	1036.1960859220972	9.155781138434014	
240	1062.7400715370377	9.232839982785917	
240	1117.203829234847	9.356293670915445	
240	1145.0827549172245	9.387226906108069	
240	1173.256162155908	9.39347361614229	
240	1201.5482489247058	9.386603975365112	
240	1229.8543240996746	9.388953773942482	
240	1258.1531691983623	9.462619141791057	
240	1286.8879640803507	9.719450448211862	
241	760.6572692096421	10.443890075538919	
241	852.9334776782966	10.435662385847605	
241	892.7611364642448	10.597474454867614	
241	729.9934521507737	11.453234946327964	
241	482.34162996210387	11.253845473559826	
241	405.46473003542275	11.433866118743277	
241	247.73232957349984	11.27338424242498	
241	782.9186494735397	8.278056288843546	
241	807.4738924789087	9.049775539223372	
241	884.5015292377041	8.970376445865568	
241	935.7812215853112	9.263533989142903	
241	990.588124974965	9.297365663816267	
241	1045.363783403931	9.167697481833763	
241	1071.9822857081906	9.24221417115284	
241	1126.562563354128	9.35873411928099	
241	1154.4695909884988	9.386836071274288	
241	1182.6488636863205	9.39270153041269	
241	1210.9383912617377	9.390142337031815	
241	1239.262275507082	9.40795140740736	
241	1267.6705796327046	9.517410434342278	
241	1296.8529613900341	9.964997309683591	
241	152.74408182054128	11.25798564846935	
241	76.81899581752825	10.589081661503712	
241	10.079171224592812	5.849959745902706	
242	771.1511056551012	10.493836445459149	
242	863.3890028726332	10.455525194336472	
242	903.4676199956357	10.706483531390827	
242	718.5363081894849	11.45714396128881	
242	471.08675046048836	11.254879501615491	
242	394.03087961444646	11.433850420976276	
242	236.4485124433378	11.283817130162062	
242	141.5170833048428	11.226998515698483	
242	66.43491419185986	10.384081625668385	
242	4.8840817010042485	5.195089523588556	
242	791.502439360756	8.583789887216195	
242	816.8850599921223	9.411167513213496	
242	893.4965869859143	8.995057748210362	
242	945.0459494624777	9.264727877166496	
242	999.8739461400592	9.285821165094097	
242	1054.5428295977222	9.179046193791349	
242	1081.2332910647228	9.251005356532174	
242	1135.9234869541815	9.36092360005325	
242	1163.8562519596817	9.386660971182947	
242	1192.041891316319	9.39302762999842	
242	1220.335380067934	9.39698880619639	
242	1248.6962772198806	9.434001712798443	
242	1277.2799844400556	9.609404807350947	
242	1307.004158360825	10.151196970790906	
243	130.32376249310045	11.193320811742353	
243	56.325645258225876	10.109268933633984	
243	707.0760390409399	11.460269148544997	
243	459.8308399700328	11.255910490455566	
243	382.5969888405275	11.433890773918966	
243	225.15047457875684	11.29803786458095	
243	750.0	0.0	
243	800.3607759013934	8.85833654063746	
243	826.5636028066176	9.678542814495367	
243	902.5138106794037	9.017223693489365	
243	954.3110661773849	9.265116714907226	
243	1009.1499955216241	9.276049381564967	
243	1063.7326743139624	9.189844716240062	
243	1090.4925375082257	9.259246443502983	
243	1145.2864344680386	9.362947513857208	
243	1173.2431236884313	9.386871728749673	
243	1201.436812181199	9.394920864879929	
243	1229.7432028216642	9.407822753730162	
243	1258.1700729708975	9.47379575101697	
243	1286.9905392233143	9.710554783258488	
243	759.8013888176831	9.615220749489193	
243	781.6825749594474	10.531469304346132	
243	873.8728790441717	10.483876171538485	
243	914.2828587683549	10.815238772719198	
244	745.8171488997021	10.899992331942935	
244	695.6132727580296	11.46276628291036	
244	448.57390186532933	11.25693810470344	
244	371.1629823352934	11.434006505234075	
244	213.8488909434541	11.301583635302743	
244	750.0	1.432937134023679	
244	809.4544827066845	9.093706805291136	
244	836.4323478683832	9.86874506176563	
244	911.5509932705453	9.037182591141567	
244	963.5759726609205	9.264906483535624	
244	1018.4178986052036	9.267903083579588	
244	1072.932786365067	9.20011205110468	
244	1099.759509930992	9.266972422765948	
244	1154.65134457548	9.364910107441483	
244	1182.6308311949251	9.387707506493681	
244	1210.8356749100421	9.398862728842984	
244	1239.1680001261534	9.424797304489013	
244	1267.694324423383	9.52425145248533	
244	1297.033984064246	10.043444840931807	
244	119.17062475882143	11.153137734279017	
244	46.84795201476018	9.477693243465684	
244	769.3440813209277	9.54269250324452	
244	792.24248087726	10.559905917812571	
244	884.3910538713396	10.518174827167957	
245	734.8892572061186	10.927891693583536	
245	684.148512529486	11.464760228543527	
245	437.31593908659914	11.25796277873021	
245	359.72887958427305	11.434102751020342	
245	202.5455209341803	11.303370009273799	
245	751.8411604485285	2.8379495009761193	
245	818.7430764515354	9.288593744850967	
245	846.4298982728169	9.997550404433632	
245	920.6061865056543	9.055193235108948	
245	972.840237189084	9.264264528163485	
245	1027.6791359302838	9.261237325080202	
245	1082.1426553510607	9.209868985993692	
245	1109.0337314589851	9.274221527993356	
245	1164.01829083556	9.366946260080047	
245	1192.0202852550892	9.389454060164024	
245	1220.24140614896	9.405731238918065	
245	1248.6164026386887	9.448402512535441	
245	1277.3260605374694	9.631736114086586	
245	1307.347676143514	10.313692079268012	
245	108.08442095346072	11.086203805360709	
245	37.72441547616225	9.123536538597923	
245	778.9110912413009	9.567009920373211	
245	802.8240710241746	10.581590146914568	
245	895.0210439548594	10.629990083519727	
246	788.5338597608059	9.622768519504978	
246	813.4224740722669	10.598403048092374	
246	905.6813515893444	10.660307634485111	
246	750.8814597339665	10.533783590452487	
246	723.9386806216314	10.950576584487207	
246	672.682161469994	11.466351059492045	
246	426.05695706438064	11.258982022218529	
246	348.2947090001853	11.434170584087699	
246	191.24239967360796	11.303121260572334	
246	97.07582192570612	11.008599027754595	
246	29.1211126331458	8.603302843016445	
246	755.9782035849285	4.137043136399933	
246	828.1884434523498	9.445367000814379	
246	856.5087481192761	10.078849846459262	
246	929.6776622873009	9.071475781646635	
246	982.1035645731688	9.263327384084809	
246	1036.9350478395745	9.255911909290619	
246	1091.361793894009	9.219138542948249	
246	1118.3147682262693	9.281036767283885	
246	1173.387513577609	9.369222742049006	
246	1201.4128178600226	9.392532604933548	
246	1229.657609226666	9.416203077706001	
246	1258.1067104022923	9.490307763603566	
246	1287.0841953921981	9.758134854728675	
247	712.969366798882	10.969313822749468	
247	661.214542507187	11.467618962806965	
247	414.79696339616896	11.259993668211695	
247	336.86050855886197	11.434200441323348	
247	761.591295022679	10.709835288712462	
247	165.65943008964376	11.282037835911659	
247	86.16976760696858	10.906054318737544	
247	20.711021709668586	8.410090923477211	
247	798.2215570281738	9.687697267367982	
247	824.0349442393699	10.612470167102938	
247	916.4217253190657	10.740373729721249	
247	761.2798532410227	5.301649656094334	
247	837.7567002622907	9.568256809940817	
247	866.6330287745177	10.124280655241503	
247	938.7638821860712	9.086219898770358	
247	991.36577119357	9.262206620401358	
247	1046.186840982216	9.25179314264131	
247	1100.5897405653427	9.227946671333804	
247	1127.6022365142344	9.287468287965098	
247	1182.7594767730732	9.371963195464051	
247	1210.8102117388648	9.397393878842223	
247	1239.09132179893	9.433712572264014	
247	1267.6544689458487	9.547758543556423	
247	1297.1315924105725	10.047397018374097	
248	772.4426740981428	10.85137907546377	
248	154.39579353579788	11.263636553845908	
248	75.36674230174356	10.803025305225034	
248	12.311918612388212	8.399103097280367	
248	807.9747146143452	9.753157586171326	
248	834.6593629368724	10.624418697502604	
248	767.6030116219972	6.323158380974497	
248	847.418907181717	9.6622069194264	
248	876.7762390774606	10.143210302942913	
248	947.8634730498304	9.099590863759138	
248	1000.626764475518	9.260993281947956	
248	1055.435596060183	9.24875507796703	
248	1109.8260638960016	9.236323330658811	
248	1136.8958123184902	9.293575804256035	
248	1192.1349115531964	9.37543478012321	
248	1220.2154465866515	9.40523484778658	
248	1248.5508997259267	9.459577926996738	
248	1277.303997647678	9.649528701829272	
248	1307.4080247724737	10.2764323619014	
248	733.2856045143798	10.54769670207326	
248	701.9843186554607	10.985048143421253	
248	649.7459143237594	11.468628183427601	
248	403.535967622444	11.260995773724984	
248	325.42307358285296	11.437434976009019	
249	143.15046031451845	11.245333221279399	
249	64.65452964553558	10.712212656207994	
249	3.8133047478717685	8.498613864516452	
249	774.8060568828544	7.203045260857099	
249	857.1510685284096	9.732161346692598	
249	886.9191825827878	10.142943505327239	
249	956.9752071801712	9.111734130340805	
249	1009.8865258183448	9.25976134282679	
249	1064.682276458073	9.246680397890108	
249	1119.0703677251581	9.24430382915645	
249	1146.1952449670148	9.29943264852431	
249	1201.515044095709	9.380132542512621	
249	1229.6325846875757	9.417138100924136	
249	1258.0524520709303	9.501552345003416	
249	1287.0684002190678	9.764402571389782	
249	783.4076014557475	10.96492735760471	
249	722.8336869497297	10.45191756465012	
249	690.9858341542999	10.99848450116076	
249	638.27648413509	11.469430188669401	
249	392.2738819676379	11.262085654806075	
249	313.9831815693004	11.439892013552527	
249	761.3557509050199	10.510956639275358	
249	817.7903154532916	9.815600838946395	
249	845.2945799117324	10.635216974859922	
250	794.4634217647099	11.05582030896237	
250	782.7463387725487	7.940281889694407	
250	866.9337243071906	9.782655778780958	
250	897.048218928391	10.129036345603216	
250	966.0979859432075	9.122778763036267	
250	1019.1450962800834	9.258570461738637	
250	1073.9277375241859	9.245461066113068	
250	1128.3222985138923	9.251930788734247	
250	1155.5003737765055	9.305128809490759	
250	1210.9017030481955	9.386658952486655	
250	1239.068350946793	9.435766259217527	
250	1267.608892374148	9.556440303217698	
250	1297.1437569173163	10.07535669824833	
250	712.4245905949314	10.409096354798242	
250	679.9756844744353	11.010149679864687	
250	626.8064176211811	11.470066513908792	
250	381.01066189673776	11.263220070900145	
250	302.54273470432605	11.440446864974371	
250	771.921036998457	10.565286093436999	
250	827.6641328397905	9.873817386498846	
250	855.946520884506	10.65194097277356	
250	131.9231939660732	11.227266348445257	
250	54.01506674079536	10.63946290474022	
250	0.20336192610389503	3.6099428217678815	
251	120.71339273002951	11.209801236043697	
251	44.23002189119512	9.78504484960023	
251	782.5257224373815	10.604685438924607	
251	837.5931519303183	9.929019090527856	
251	866.6173788322196	10.670857947713724	
251	805.5924786739706	11.12905690926082	
251	751.2881110269996	0.0	
251	791.2917546671265	8.545415894577728	
251	876.751347285152	9.817622977961307	
251	907.1538537245606	10.10563479616956	
251	975.230825981873	9.132840038665515	
251	1028.402564521596	9.257468241512578	
251	1083.1727363644718	9.244998840285826	
251	1137.581554716805	9.259256202912644	
251	1164.81116098048	9.310787203974813	
251	1220.2978033929128	9.396100344717212	
251	1248.530227981589	9.46187703479589	
251	1277.2699722908967	9.661079916748768	
251	1307.4694640623125	10.32570714499612	
251	702.0289326347124	10.395657960219006	
251	668.9552462892681	11.020438185167269	
251	615.3358473167398	11.470570304441363	
251	369.7463307476442	11.264331149093566	
251	291.10069145910785	11.442043245218214	
252	752.6108861018804	1.3227750748808667	
252	800.3238758911815	9.03212122405503	
252	886.5916872218361	9.840339936684261	
252	917.2296427995624	10.075789075001806	
252	984.3728474214251	9.14202143955217	
252	1037.6590566564846	9.256492134888612	
252	1092.417942113024	9.2452057485523	
252	1146.8479020334748	9.26634731666964	
252	1174.1277339547623	9.316572974282328	
252	1229.7071283778953	9.409324984982506	
252	1258.0351032361884	9.504875254599431	
252	1287.0515502532644	9.781577962367605	
252	793.1587426408468	10.633020203465177	
252	847.5744962456736	9.981344315355319	
252	877.3042908910569	10.6869120588372	
252	691.6300020224375	10.398930612274977	
252	657.9256000158156	11.029646273452524	
252	603.8648794133886	11.470967903351193	
252	358.4808773414645	11.26545340617971	
252	279.65882290360815	11.441868555499685	
252	761.6227295148077	10.6377937347245	
252	816.7799083543912	11.187429680420433	
252	109.555353121146	11.158039608883508	
252	35.295946852542386	8.934075038652725	
253	98.48733737914709	11.068015741998904	
253	27.18844219208026	8.107504660462121	
253	772.3569972051483	10.73426769034061	
253	828.0137959650784	11.233887610687292	
253	738.3947931208618	10.94555300315992	
253	681.2182972242967	10.411704798140672	
253	646.8876028547693	11.037997161046308	
253	592.3935988941	11.47128051928855	
253	347.2143470442942	11.266530297170343	
253	268.21655518276845	11.442267720839721	
253	755.3311737227663	2.7202876208858684	
253	809.7397955183475	9.415919627165996	
253	896.4451470130963	9.853459791260128	
253	927.2713642398492	10.041721440286729	
253	993.523263626669	9.150416205243754	
253	1046.9147277533593	9.25567109687473	
253	1101.6639466914942	9.246004578470098	
253	1156.121194823872	9.273292790397274	
253	1183.450461069278	9.322727114515603	
253	1239.1364289308958	9.42930055300047	
253	1267.5969348154676	9.561831579279072	
253	1297.1124456234534	10.060895370189073	
253	803.8119727850891	10.65323014424238	
253	857.604557503063	10.030061257389477	
253	888.0046266564548	10.700335765397922	
254	783.1674211619886	10.810423956840342	
254	839.2846097469637	11.270813781885241	
254	727.4715937935254	10.92319932733637	
254	670.7885562417542	10.429740982542542	
254	635.8419431437334	11.045659711035933	
254	580.9220739292576	11.471524964842343	
254	335.9467604765808	11.267586567713394	
254	256.7755551094463	11.441000073322124	
254	87.55197304653872	10.93536433260837	
254	19.409084704384355	7.779357487695891	
254	759.3577696328942	4.026595910127975	
254	819.452679331422	9.712883813074503	
254	906.3042338361162	9.859086823019876	
254	937.2764059646122	10.005041724763116	
254	1002.6813721926862	9.158108566017415	
254	1056.1697548110667	9.255027057707345	
254	1110.9112764004346	9.247329708940454	
254	1165.401410747012	9.280215923140174	
254	1192.7800118875728	9.329550818294745	
254	1248.5934471915848	9.457018260689248	
254	1277.2581639590285	9.661229143560949	
254	1307.3934438916822	10.280998268228865	
254	814.4794311864375	10.667458401348368	
254	867.6795170571372	10.074959554074118	
254	898.7823605063118	10.777733849856954	
255	825.156701699746	10.677270513308576	
255	877.8078333488022	10.128316291664968	
255	909.5707113737404	10.78835086742871	
255	764.5603576324231	5.2025879995288715	
255	829.391180837232	9.93850150580993	
255	916.1631007273764	9.858866891260256	
255	947.2433199095349	9.966913944922611	
255	1011.846546941652	9.165174748965764	
255	1065.4243310817135	9.254576270646721	
255	1120.1604047734322	9.249128372997726	
255	1174.6886889594894	9.287278212477224	
255	1202.1175562636408	9.337544376068058	
255	1258.0934386445838	9.499991452998863	
255	1287.031118781396	9.772954822367375	
255	761.167249537291	10.361964269862424	
255	794.0380849004457	10.87066373845711	
255	850.5847365717586	11.300126824794992	
255	716.5657956986465	10.905798094878838	
255	660.3380558000878	10.450500441666414	
255	624.7891808919507	11.052762251782719	
255	569.4503591472551	11.47171478200257	
255	324.6781850053831	11.268575471197655	
255	245.3365745688507	11.438980540595619	
255	76.75598750125371	10.795985545285017	
255	13.213763381265352	6.195321323119003	
256	705.673451632729	10.892344065917493	
256	649.8656038472915	10.472451952796298	
256	613.7297780589125	11.05940283303808	
256	557.9784984772085	11.47186067004657	
256	313.4086983851015	11.269486620281583	
256	233.90033096548322	11.436243603367467	
256	771.5183388454334	10.351089308142338	
256	804.9565469268656	10.918462026419828	
256	861.908103429515	11.323366857756419	
256	66.24803268120635	10.507954820047352	
256	8.194548908284474	5.019214472980878	
256	835.8415468246476	10.68484512490153	
256	887.9821891406207	10.174355791818499	
256	920.4134303053653	10.842718931624805	
256	770.7969325273314	6.236574894908246	
256	839.4980271451365	10.106846307904531	
256	926.0171775974318	9.85407687005526	
256	957.1715011476524	9.928181238117629	
256	1021.0182307653329	9.17168382368077	
256	1074.678661679914	9.254330598200506	
256	1129.4117676703338	9.251362896901485	
256	1183.9834094108387	9.294720451349436	
256	1211.4648343861875	9.347278122546603	
256	1267.6485801486288	9.555141504044803	
256	1297.120269587515	10.089150806118946	
257	739.7037724507161	10.8827972439186	
257	694.7914540664656	10.881997566263403	
257	639.3709293482326	10.49467449905883	
257	602.6641212395439	11.065656819368627	
257	546.5065273147837	11.471971162424738	
257	302.13838591465833	11.270312470443184	
257	222.46868640708976	11.431644558393444	
257	777.9268422227285	7.129909695397098	
257	849.7281336428157	10.230106497679172	
257	935.8628822509938	9.84570465356206	
257	967.060958479967	9.889457332314553	
257	1030.1959292025417	9.17769843720889	
257	1083.9329604796717	9.254298799757587	
257	1138.6657808482958	9.254013177961921	
257	1193.2862604598822	9.302851049043346	
257	1220.8246251925875	9.35979080639989	
257	1277.309995428649	9.661415280020329	
257	1307.4627705113894	10.342500923874555	
257	846.5320520403512	10.690505215703638	
257	898.204614040113	10.222424899492374	
257	56.15892056255319	10.089112118653158	
257	2.392584584392125	5.801964323892348	
257	781.8792471154729	10.36090827003949	
257	815.91309381539	10.956546888524386	
257	873.2522774335669	11.344174004051796	
258	46.30235715051711	9.856563412036072	
258	728.8663462041992	10.83742624651688	
258	683.9173766536788	10.874077412786749	
258	628.8543074405737	10.516621907658914	
258	591.5925387008338	11.071582538710164	
258	535.0344742487889	11.472053065994885	
258	290.8673728172941	11.271013097364223	
258	211.04415804064462	11.424528366445136	
258	792.2607271864836	10.381480071010692	
258	826.9002751860833	10.987181370693328	
258	884.6105003940633	11.358222960496363	
258	751.0118244608311	10.549053949441662	
258	857.2272985817523	10.69524654140107	
258	908.5808922222388	10.376278182125873	
258	750.2531059483109	0.0	
258	785.8107757105381	7.883933487809575	
258	860.0465667705812	10.318433127765529	
258	945.69739867279	9.834516421796186	
258	976.9121506915681	9.85119221160098	
258	1039.3792046798455	9.183275477303814	
258	1093.1874483971592	9.254487917487545	
258	1147.9228629970812	9.25708214878546	
258	1202.5984098461868	9.312149386304466	
258	1230.2005238662243	9.375898673636879	
258	1287.093699923823	9.783704495173954	
259	751.6762998200632	1.423193871752309	
259	794.3137543134669	8.502978602928838	
259	870.4265861593029	10.380019388721783	
259	955.5185094988655	9.821110826075461	
259	986.7258691819748	9.813718490406684	
259	1048.567671376732	9.188466696886366	
259	1102.4423531924087	9.254904795249665	
259	1157.1834634548582	9.260600457777096	
259	1211.9215451673012	9.32313532111454	
259	1239.5992351522746	9.39871128605007	
259	1297.170904133367	10.077204209544119	
259	802.6679750985843	10.4072479121008	
259	837.9121204783154	11.011845292232058	
259	895.9798069847898	11.369306590726554	
259	37.264768891801765	9.03758825871535	
259	718.0605312834709	10.805814920728276	
259	673.0493347520371	10.86804190164169	
259	618.3163273207061	10.537980119867543	
259	580.5153132152778	11.077225485555902	
259	523.5623625467233	11.472111702065606	
259	279.5958359465185	11.271536870775607	
259	199.63354036223694	11.410617678407677	
259	761.721536127479	10.709711666647905	
259	867.9359741501344	10.708675568382091	
259	919.0696538965002	10.488761674261335	
260	772.5590397427544	10.837503615275441	
260	878.661544059066	10.72556990893171	
260	754.5037131441218	2.8274133240585364	
260	803.3136314285595	8.999877115092575	
260	880.8479015869711	10.421315427668217	
260	965.3244707646977	9.805961265832227	
260	996.5031529088474	9.777283726872627	
260	1057.7609907090746	9.193319332342755	
260	1111.6979111532316	9.255557960822916	
260	1166.4481018347424	9.264638379883966	
260	1221.2585223826447	9.336977215343495	
260	1249.0284829544544	9.42924780217991	
260	1307.4808786729295	10.309974539562266	
260	731.402319787864	10.04675205905415	
260	707.2765796527145	10.783951630756443	
260	662.1858683258329	10.863466426204276	
260	607.7577481290568	10.558579191649287	
260	569.4326917670134	11.082621448264485	
260	512.0902113842135	11.472151162509812	
260	268.3241197933439	11.271716153174586	
260	188.23822108572384	11.395319276513119	
260	28.605593798982625	8.659175092819154	
260	813.103012808405	10.43503770982061	
260	848.943971370194	11.031850891878614	
260	907.3603623044821	11.38055531969223	
